# This file was created by searching the term "GitHub" on PubMed and
# using "PMID List" as format
31545812
31545722
31545363
31544932
31544213
31543820
31542711
31542416
31542415
31542001
31541145
31540993
31539022
31539018
31536886
31536666
31536115
31536029
31535994
31535074
31533864
31531674
31531382
31529043
31529041
31529040
31526842
31525911
31523522
31523514
31523183
31523131
31523128
31522294
31521605
31521251
31521132
31521110
31519398
31519212
31508207
31513641
31511901
31511888
31511299
31510709
31510707
31510706
31510705
31510704
31510702
31510701
31510700
31510699
31510698
31510697
31510696
31510694
31510693
31510692
31510690
31510686
31510685
31510682
31510681
31510680
31510678
31510677
31510676
31510675
31510674
31510673
31510672
31510671
31510669
31510668
31510667
31510665
31510662
31510661
31510660
31510659
31510658
31510657
31510656
31510655
31510654
31510653
31510652
31510651
31510650
31510647
31510646
31510645
31510644
31510643
31510642
31510640
31509525
31509381
31508799
31508216
31506264
31504977
31504211
31504206
31504205
31504202
31504201
31504195
31504194
31504190
31504187
31504185
31504181
31504180
31504177
31504175
31504166
31504165
31504164
31504163
31504161
31504159
31504157
31504154
31503285
31502974
31502970
31501885
31501853
31501245
31500660
31500569
31498385
31496881
31494667
31492109
31492098
31491525
31490922
31488068
31487288
31483995
31483777
31481014
31479662
31479446
31479254
31477162
31477013
31473443
31472418
31470794
31469855
31467462
31467326
31466530
31465473
31463010
31462970
31461459
31455877
31455362
31454647
31454399
31454273
31453632
31453286
31453280
31452104
31452098
31451449
31450065
31449837
31449825
31449516
31449021
31448616
31444973
31443733
31443728
31443043
31442972
31441995
31439014
31438847
31438843
31438611
31437915
31437913
31437878
31437182
31436405
31435647
31434923
31433799
31432329
31432076
31432070
